<roblox xmlns:xmime="http://www.w3.org/2005/05/xmlmime" xmlns:xsi="http://www.w3.org/2001/XMLSchema-instance" xsi:noNamespaceSchemaLocation="http://www.roblox.com/roblox.xsd" version="4">
	<Meta name="ExplicitAutoJoints">true</Meta>
	<External>null</External>
	<External>nil</External>
	<Item class="Model" referent="RBX79ACC1F0EE4F480C992424644ED73424">
		<Properties>
			<BinaryString name="AttributesSerialize"></BinaryString>
			<CoordinateFrame name="ModelInPrimary">
				<X>0</X>
				<Y>0</Y>
				<Z>0</Z>
				<R00>1</R00>
				<R01>0</R01>
				<R02>0</R02>
				<R10>0</R10>
				<R11>1</R11>
				<R12>0</R12>
				<R20>0</R20>
				<R21>0</R21>
				<R22>1</R22>
			</CoordinateFrame>
			<string name="Name">Data</string>
			<Ref name="PrimaryPart">null</Ref>
			<BinaryString name="Tags"></BinaryString>
		</Properties>
		<Item class="ModuleScript" referent="RBXA45C30F7636541E186FB5A3DDBD0AA43">
			<Properties>
				<BinaryString name="AttributesSerialize"></BinaryString>
				<Content name="LinkedSource"><null></null></Content>
				<string name="Name">1</string>
				<string name="ScriptGuid"></string>
				<ProtectedString name="Source"><![CDATA[shape:Block;
material:Grass;
color:0.000000,1.000000,0.000000,0.000000,
size:6.000000,0.400000,6.000000,
right:1.000000,0.000000,0.000000,
up:0.000000,1.000000,0.000000,
front:0.000000,0.000000,1.000000,
pos:50.347000,4.799999,317.849030,
create:
shape:Block;
material:Grass;
color:0.000000,1.000000,0.000000,0.000000,
size:6.000000,0.400000,6.000000,
right:1.000000,0.000000,0.000000,
up:0.000000,1.000000,0.000000,
front:0.000000,0.000000,1.000000,
pos:-22.955000,4.799999,234.151001,
create:
shape:Block;
material:Grass;
color:0.000000,1.000000,0.000000,0.000000,
size:6.000000,0.400000,6.000000,
right:1.000000,0.000000,0.000000,
up:0.000000,1.000000,0.000000,
front:0.000000,0.000000,1.000000,
pos:41.800003,4.799999,244.700012,
create:
shape:Block;
material:Grass;
color:0.000000,1.000000,0.000000,0.000000,
size:6.000000,0.400000,6.000000,
right:1.000000,0.000000,0.000000,
up:0.000000,1.000000,0.000000,
front:0.000000,0.000000,1.000000,
pos:38.299999,4.799999,115.199997,
create:
shape:Block;
material:Grass;
color:0.000000,1.000000,0.000000,0.000000,
size:6.000000,0.400000,6.000000,
right:1.000000,0.000000,0.000000,
up:0.000000,1.000000,0.000000,
front:0.000000,0.000000,1.000000,
pos:119.449005,4.799999,117.250999,
create:
shape:Block;
material:Grass;
color:0.000000,1.000000,0.000000,0.000000,
size:6.000000,0.400000,6.000000,
right:1.000000,0.000000,0.000000,
up:0.000000,1.000000,0.000000,
front:0.000000,0.000000,1.000000,
pos:-46.251003,4.799999,118.651001,
create:
shape:Block;
material:Grass;
color:0.000000,1.000000,0.000000,0.000000,
size:6.000000,0.400000,6.000000,
right:1.000000,0.000000,0.000000,
up:0.000000,1.000000,0.000000,
front:0.000000,0.000000,1.000000,
pos:188.600006,4.799999,188.100006,
create:
shape:Block;
material:Grass;
color:0.000000,1.000000,0.000000,0.000000,
size:6.000000,0.400000,6.000000,
right:1.000000,0.000000,0.000000,
up:0.000000,1.000000,0.000000,
front:0.000000,0.000000,1.000000,
pos:174.947006,4.799999,251.953003,
create:
shape:Block;
material:Grass;
color:0.000000,1.000000,0.000000,0.000000,
size:6.000000,0.400000,6.000000,
right:1.000000,0.000000,0.000000,
up:0.000000,1.000000,0.000000,
front:0.000000,0.000000,1.000000,
pos:20.747004,4.799999,-249.951004,
create:
shape:Block;
material:Grass;
color:0.000000,1.000000,0.000000,0.000000,
size:6.000000,0.400000,6.000000,
right:1.000000,0.000000,0.000000,
up:0.000000,1.000000,0.000000,
front:0.000000,0.000000,1.000000,
pos:17.100000,4.799999,-322.200012,
create:
shape:Block;
material:Grass;
color:0.000000,1.000000,0.000000,0.000000,
size:6.000000,0.400000,6.000000,
right:1.000000,0.000000,0.000000,
up:0.000000,1.000000,0.000000,
front:0.000000,0.000000,1.000000,
pos:13.200000,4.799999,-447.400024,
create:
shape:Block;
material:Grass;
color:0.000000,1.000000,0.000000,0.000000,
size:6.000000,0.400000,6.000000,
right:1.000000,0.000000,0.000000,
up:0.000000,1.000000,0.000000,
front:0.000000,0.000000,1.000000,
pos:-62.251003,4.799999,-445.549042,
create:
shape:Block;
material:Grass;
color:0.000000,1.000000,0.000000,0.000000,
size:6.000000,0.400000,6.000000,
right:1.000000,0.000000,0.000000,
up:0.000000,1.000000,0.000000,
front:0.000000,0.000000,1.000000,
pos:156.200012,4.799999,-394.800018,
create:
shape:Block;
material:Grass;
color:0.000000,1.000000,0.000000,0.000000,
size:6.000000,0.400000,6.000000,
right:1.000000,0.000000,0.000000,
up:0.000000,1.000000,0.000000,
front:0.000000,0.000000,1.000000,
pos:153.847000,4.799999,-316.446991,
create:
shape:Block;
material:Grass;
color:0.000000,1.000000,0.000000,0.000000,
size:6.000000,0.400000,6.000000,
right:1.000000,0.000000,0.000000,
up:0.000000,1.000000,0.000000,
front:0.000000,0.000000,1.000000,
pos:70.100006,184.799988,-98.800003,
create:
shape:Wedge;
material:Concrete;
color:0.388235,0.372549,0.384314,1.000000,
size:165.000000,35.000000,45.000000,
right:0.000053,0.000000,-1.000000,
up:0.000043,-1.000000,0.000000,
front:-1.000000,-0.000043,-0.000053,
pos:-809.500061,82.099983,267.500000,
create:
shape:Block;
material:Plastic;
color:0.639216,0.635294,0.647059,0.000000,
size:140.000000,67.750069,246.460007,
right:1.000000,0.000000,0.000000,
up:0.000000,1.000000,0.000000,
front:0.000000,0.000000,1.000000,
pos:-762.000000,29.724995,309.230164,
create:
shape:Block;
material:Plastic;
color:0.639216,0.635294,0.647059,0.000000,
size:42.140068,36.090015,20.329985,
right:1.000000,0.000000,0.000000,
up:0.000000,1.000000,0.000000,
front:0.000000,0.000000,1.000000,
pos:-761.900085,46.935085,475.434998,
create:
shape:Block;
material:Concrete;
color:0.639216,0.635294,0.647059,1.000000,
size:38.000000,70.000000,2.000000,
right:0.000000,0.000000,-1.000000,
up:0.000000,1.000000,0.000000,
front:1.000000,-0.000000,0.000000,
pos:-625.000000,238.999985,-355.000031,
create:
shape:Block;
material:Concrete;
color:0.639216,0.635294,0.647059,1.000000,
size:30.000000,55.000000,2.000000,
right:1.000000,0.000000,0.000000,
up:0.000000,1.000000,0.000000,
front:0.000000,0.000000,1.000000,
pos:-639.000000,231.499985,-375.000031,
create:
shape:Block;
material:Concrete;
color:0.639216,0.635294,0.647059,1.000000,
size:22.000000,24.000000,2.000000,
right:1.000000,0.000000,0.000000,
up:0.000000,1.000000,0.000000,
front:0.000000,0.000000,1.000000,
pos:-665.000061,215.999985,-375.000031,
create:
shape:Truss;
material:Metal;
color:0.388235,0.372549,0.384314,1.000000,
size:46.000000,2.000000,2.000000,
right:0.000000,0.000000,1.000000,
up:0.000000,1.000000,0.000000,
front:-1.000000,0.000000,0.000000,
pos:-673.000061,226.999985,-351.000031,
create:
shape:Truss;
material:Metal;
color:0.388235,0.372549,0.384314,1.000000,
size:48.000000,2.000000,2.000000,
right:1.000000,0.000000,0.000000,
up:0.000000,1.000000,0.000000,
front:0.000000,0.000000,1.000000,
pos:-650.000061,250.999985,-373.000031,
create:
shape:Truss;
material:Metal;
color:0.388235,0.372549,0.384314,1.000000,
size:2.000000,46.000000,2.000000,
right:1.000000,0.000000,0.000000,
up:0.000000,0.000000,-1.000000,
front:-0.000000,1.000000,0.000000,
pos:-673.000061,250.999985,-349.000031,
create:
shape:Block;
material:Concrete;
color:0.639216,0.635294,0.647059,1.000000,
size:21.000000,48.000000,2.000000,
right:0.000000,0.000000,-1.000000,
up:0.000000,1.000000,0.000000,
front:1.000000,-0.000000,0.000000,
pos:-675.000061,227.999985,-336.500031,
create:
shape:Block;
material:Concrete;
color:0.639216,0.635294,0.647059,1.000000,
size:26.000000,48.000000,2.000000,
right:1.000000,0.000000,0.000000,
up:0.000000,1.000000,0.000000,
front:0.000000,0.000000,1.000000,
pos:-663.000061,227.999985,-325.000031,
create:
shape:Block;
material:Sand;
color:0.486275,0.360784,0.274510,1.000000,
size:52.000000,0.400000,52.000000,
right:1.000000,0.000000,0.000000,
up:0.000000,1.000000,0.000000,
front:0.000000,0.000000,1.000000,
pos:-650.000061,203.799988,-350.000031,
create:
shape:Block;
material:Concrete;
color:0.639216,0.635294,0.647059,1.000000,
size:10.000000,2.000000,10.000000,
right:1.000000,0.000000,0.000000,
up:0.000000,1.000000,0.000000,
front:0.000000,0.000000,1.000000,
pos:-631.000000,252.999985,-341.000031,
create:
shape:Block;
material:Wood;
color:0.800000,0.556863,0.411765,1.000000,
size:2.000000,1.000000,20.000000,
right:0.000000,0.000000,-1.000000,
up:0.000000,1.000000,0.000000,
front:1.000000,-0.000000,0.000000,
pos:-663.000061,204.499985,-371.000031,
create:
shape:Block;
material:Wood;
color:0.800000,0.556863,0.411765,1.000000,
size:2.000000,1.000000,20.000000,
right:0.000000,0.000000,-1.000000,
up:0.000000,1.000000,0.000000,
front:1.000000,-0.000000,0.000000,
pos:-663.000061,205.499985,-371.000031,
create:
shape:Block;
material:Wood;
color:0.800000,0.556863,0.411765,1.000000,
size:2.000000,1.000000,20.000000,
right:0.000000,0.000000,-1.000000,
up:0.000000,1.000000,0.000000,
front:1.000000,-0.000000,0.000000,
pos:-663.000061,206.499985,-370.000031,
create:
shape:Block;
material:Wood;
color:0.800000,0.556863,0.411765,1.000000,
size:2.000000,1.000000,20.000000,
right:0.000000,0.000000,-1.000000,
up:0.000000,1.000000,0.000000,
front:1.000000,-0.000000,0.000000,
pos:-663.000061,206.499985,-368.000031,
create:
shape:Block;
material:Wood;
color:0.800000,0.556863,0.411765,1.000000,
size:2.000000,1.000000,20.000000,
right:0.000000,0.000000,-1.000000,
up:0.000000,1.000000,0.000000,
front:1.000000,-0.000000,0.000000,
pos:-663.000061,205.499985,-369.000031,
create:
shape:Block;
material:Wood;
color:0.800000,0.556863,0.411765,1.000000,
size:2.000000,1.000000,20.000000,
right:0.000000,0.000000,-1.000000,
up:0.000000,1.000000,0.000000,
front:1.000000,-0.000000,0.000000,
pos:-663.000061,204.499985,-369.000031,
create:
shape:Block;
material:Wood;
color:0.800000,0.556863,0.411765,1.000000,
size:2.000000,1.000000,20.000000,
right:0.000000,0.000000,-1.000000,
up:0.000000,1.000000,0.000000,
front:1.000000,-0.000000,0.000000,
pos:-663.000061,204.499985,-367.000031,
create:
shape:Block;
material:Wood;
color:0.800000,0.556863,0.411765,1.000000,
size:2.000000,1.000000,20.000000,
right:0.000000,0.000000,-1.000000,
up:0.000000,1.000000,0.000000,
front:1.000000,-0.000000,0.000000,
pos:-663.000061,205.499985,-367.000031,
create:
shape:Block;
material:Wood;
color:0.800000,0.556863,0.411765,1.000000,
size:2.000000,1.000000,20.000000,
right:-0.521936,0.180125,-0.833749,
up:-0.047008,0.969890,0.238965,
front:0.851689,0.163917,-0.497753,
pos:-662.969604,206.129990,-363.130005,
create:
shape:Block;
material:Concrete;
color:0.639216,0.635294,0.647059,1.000000,
size:15.000000,20.000000,2.000000,
right:0.000004,-0.000043,-0.999990,
up:0.264675,0.964337,-0.000043,
front:0.964328,-0.264675,0.000015,
pos:-629.501038,213.739944,-359.500000,
create:
shape:Block;
material:Metal;
color:0.768628,0.156863,0.109804,1.000000,
size:2.000000,2.000000,1.000000,
right:-0.939189,0.000025,0.343387,
up:0.000035,1.000000,0.000025,
front:-0.343387,0.000035,-0.939189,
pos:-887.161255,208.600006,-212.604721,
create:
shape:Block;
material:Metal;
color:0.768628,0.156863,0.109804,1.000000,
size:1.000000,4.000000,2.000000,
right:-0.939224,0.000025,0.343306,
up:0.000035,1.000000,0.000025,
front:-0.343306,0.000035,-0.939224,
pos:-885.581177,205.600006,-212.650787,
create:
shape:Block;
material:Metal;
color:0.768628,0.156863,0.109804,1.000000,
size:1.000000,3.000000,4.000000,
right:-0.939224,0.000025,0.343306,
up:0.000035,1.000000,0.000025,
front:-0.343306,0.000035,-0.939224,
pos:-886.611206,206.100006,-215.468414,
create:
shape:Block;
material:Metal;
color:0.768628,0.156863,0.109804,1.000000,
size:1.000000,1.000000,4.000000,
right:-0.939224,0.000025,0.343306,
up:0.000035,1.000000,0.000025,
front:-0.343306,0.000035,-0.939224,
pos:-886.611206,204.100006,-215.468414,
create:
shape:Wedge;
material:Metal;
color:0.768628,0.156863,0.109804,1.000000,
size:2.000000,3.000000,3.000000,
right:0.939199,-0.000042,-0.343374,
up:0.343374,0.000051,0.939199,
front:-0.000022,-1.000000,0.000063,
pos:-886.474426,209.100006,-210.728134,
create:
shape:Block;
material:Metal;
color:0.768628,0.156863,0.109804,1.000000,
size:1.000000,4.000000,1.000000,
right:-0.939224,0.000025,0.343306,
up:0.000035,1.000000,0.000025,
front:-0.343306,0.000035,-0.939224,
pos:-887.469604,205.600006,-217.816422,
create:
shape:Block;
material:Metal;
color:0.768628,0.156863,0.109804,1.000000,
size:7.000000,3.000000,6.000000,
right:-0.939224,0.000025,0.343306,
up:0.000035,1.000000,0.000025,
front:-0.343306,0.000035,-0.939224,
pos:-888.651306,206.100006,-209.398987,
create:
shape:Block;
material:Metal;
color:0.768628,0.156863,0.109804,1.000000,
size:1.000000,2.000000,4.000000,
right:-0.939224,0.000025,0.343306,
up:0.000035,1.000000,0.000025,
front:-0.343306,0.000035,-0.939224,
pos:-884.551208,206.600006,-209.833130,
create:
shape:Block;
material:Metal;
color:0.768628,0.156863,0.109804,1.000000,
size:1.000000,1.000000,3.000000,
right:-0.939224,0.000025,0.343306,
up:0.000035,1.000000,0.000025,
front:-0.343306,0.000035,-0.939224,
pos:-888.156250,206.100006,-219.694839,
create:
shape:Cylinder;
material:Fabric;
color:0.105882,0.164706,0.207843,1.000000,
size:3.000000,1.000000,3.000000,
right:0.939219,0.000048,-0.343320,
up:0.343320,-0.000025,0.939218,
front:0.000037,-1.000000,-0.000040,
pos:-884.722839,204.100006,-210.302765,
create:
shape:Wedge;
material:Glass;
color:0.501961,0.733333,0.858824,0.700000,
size:3.000000,2.000000,1.000000,
right:-0.939224,0.000025,0.343306,
up:0.000035,1.000000,0.000025,
front:-0.343306,0.000035,-0.939224,
pos:-889.166199,208.600006,-210.807968,
create:
shape:Block;
material:Metal;
color:0.768628,0.156863,0.109804,1.000000,
size:1.000000,2.000000,1.000000,
right:-0.343325,-0.000042,-0.939217,
up:-0.000008,1.000000,-0.000042,
front:0.939217,-0.000008,-0.343325,
pos:-888.842957,204.600006,-221.573257,
create:
shape:Block;
material:Metal;
color:0.105882,0.164706,0.207843,1.000000,
size:2.000000,1.000000,3.000000,
right:0.939215,-0.000035,-0.343327,
up:0.000025,1.000000,-0.000035,
front:0.343327,0.000025,0.939215,
pos:-888.787537,205.100006,-214.140442,
create:
shape:Wedge;
material:Metal;
color:0.768628,0.156863,0.109804,1.000000,
size:1.000000,3.000000,1.000000,
right:0.939215,-0.000035,-0.343327,
up:0.000025,1.000000,-0.000035,
front:0.343327,0.000025,0.939215,
pos:-888.408569,209.100006,-217.472641,
create:
shape:Cylinder;
material:Fabric;
color:0.105882,0.164706,0.207843,1.000000,
size:3.000000,1.000000,3.000000,
right:0.939219,0.000048,-0.343320,
up:0.343320,-0.000025,0.939218,
front:0.000037,-1.000000,-0.000040,
pos:-888.156250,204.100006,-219.694839,
create:
shape:Wedge;
material:Metal;
color:0.768628,0.156863,0.109804,1.000000,
size:1.000000,3.000000,1.000000,
right:0.939212,0.000025,-0.343337,
up:0.000035,-1.000000,0.000025,
front:-0.343337,-0.000035,-0.939212,
pos:-888.066833,208.100006,-216.534729,
create:
shape:Block;
material:Metal;
color:1.000000,0.000000,0.000000,1.000000,
size:1.000000,1.000000,1.000000,
right:-0.939224,0.000025,0.343306,
up:0.000035,1.000000,0.000025,
front:-0.343306,0.000035,-0.939224,
pos:-884.036133,205.100006,-208.424362,
create:
shape:Wedge;
material:Metal;
color:0.768628,0.156863,0.109804,1.000000,
size:9.000000,1.000000,1.000000,
right:-0.939206,-0.000008,0.343354,
up:-0.343354,0.000066,-0.939206,
front:-0.000016,-1.000000,-0.000065,
pos:-887.792908,208.100006,-207.051407,
create:
shape:Block;
material:Metal;
color:0.768628,0.156863,0.109804,1.000000,
size:7.000000,1.000000,5.000000,
right:-0.939189,0.000025,0.343387,
up:0.000035,1.000000,0.000025,
front:-0.343387,0.000035,-0.939189,
pos:-890.195923,210.100006,-213.624252,
create:
shape:Block;
material:Metal;
color:0.105882,0.164706,0.207843,1.000000,
size:5.000000,2.000000,1.000000,
right:0.939215,-0.000035,-0.343327,
up:0.000025,1.000000,-0.000035,
front:0.343327,0.000025,0.939215,
pos:-889.853027,206.600006,-212.686203,
create:
shape:Block;
material:Metal;
color:0.388235,0.372549,0.384314,1.000000,
size:7.000000,1.000000,14.000000,
right:-0.939224,0.000025,0.343306,
up:0.000035,1.000000,0.000025,
front:-0.343306,0.000035,-0.939224,
pos:-890.368042,204.100006,-214.095016,
create:
shape:Block;
material:Metal;
color:0.388235,0.372549,0.384314,1.000000,
size:1.000000,2.000000,2.000000,
right:0.939215,-0.000035,-0.343327,
up:0.000025,1.000000,-0.000035,
front:0.343327,0.000025,0.939215,
pos:-890.368042,205.600006,-214.095016,
create:
shape:Wedge;
material:Glass;
color:0.501961,0.733333,0.858824,0.700000,
size:5.000000,2.600000,0.800000,
right:0.939194,-0.000035,-0.343376,
up:0.000025,1.000000,-0.000035,
front:0.343376,0.000025,0.939194,
pos:-891.192810,208.899963,-216.349548,
create:
shape:Block;
material:Metal;
color:0.768628,0.156863,0.109804,1.000000,
size:0.540000,1.000000,2.000000,
right:0.343292,-0.000008,0.939237,
up:0.000042,1.000000,-0.000008,
front:-0.939237,0.000042,0.343292,
pos:-886.941895,208.100006,-217.828094,
create:
shape:Block;
material:Metal;
color:0.768628,0.156863,0.109804,1.000000,
size:7.000000,3.000000,5.000000,
right:0.939215,-0.000035,-0.343327,
up:0.000025,1.000000,-0.000035,
front:0.343327,0.000025,0.939215,
pos:-891.913086,206.100006,-218.321442,
create:
shape:Wedge;
material:Metal;
color:0.768628,0.156863,0.109804,1.000000,
size:2.000000,3.000000,3.000000,
right:0.939199,-0.000042,-0.343374,
up:0.343374,0.000051,0.939199,
front:-0.000022,-1.000000,0.000063,
pos:-891.171082,209.100006,-209.010956,
create:
shape:Block;
material:Metal;
color:0.105882,0.164706,0.207843,1.000000,
size:2.000000,1.000000,3.000000,
right:0.939215,-0.000035,-0.343327,
up:0.000025,1.000000,-0.000035,
front:0.343327,0.000025,0.939215,
pos:-891.605164,205.100006,-213.110397,
create:
shape:Block;
material:Metal;
color:0.639216,0.635294,0.647059,1.000000,
size:7.000000,1.000000,1.000000,
right:-0.939224,0.000025,0.343306,
up:0.000035,1.000000,0.000025,
front:-0.343306,0.000035,-0.939224,
pos:-893.286499,204.100006,-222.078278,
create:
shape:Block;
material:Metal;
color:0.768628,0.156863,0.109804,1.000000,
size:2.000000,2.000000,1.000000,
right:-0.939189,0.000025,0.343387,
up:0.000035,1.000000,0.000025,
front:-0.343387,0.000035,-0.939189,
pos:-891.856934,208.600006,-210.887329,
create:
shape:Block;
material:Metal;
color:0.768628,0.156863,0.109804,1.000000,
size:7.000000,3.000000,1.000000,
right:-0.939224,0.000025,0.343306,
up:0.000035,1.000000,0.000025,
front:-0.343306,0.000035,-0.939224,
pos:-892.943176,205.100006,-221.139069,
create:
shape:Block;
material:Metal;
color:1.000000,0.000000,0.000000,1.000000,
size:1.000000,1.000000,1.000000,
right:-0.939224,0.000025,0.343306,
up:0.000035,1.000000,0.000025,
front:-0.343306,0.000035,-0.939224,
pos:-891.549744,205.100006,-205.677582,
create:
shape:Block;
material:Metal;
color:0.768628,0.156863,0.109804,1.000000,
size:1.000000,2.000000,4.000000,
right:-0.939224,0.000025,0.343306,
up:0.000035,1.000000,0.000025,
front:-0.343306,0.000035,-0.939224,
pos:-892.064758,206.600006,-207.086380,
create:
shape:Cylinder;
material:Fabric;
color:0.105882,0.164706,0.207843,1.000000,
size:3.000000,1.000000,3.000000,
right:0.939219,0.000048,-0.343320,
up:0.343320,-0.000025,0.939218,
front:0.000037,-1.000000,-0.000040,
pos:-892.236450,204.100006,-207.555984,
create:
shape:Block;
material:Metal;
color:0.768628,0.156863,0.109804,1.000000,
size:1.000000,4.000000,2.000000,
right:-0.939224,0.000025,0.343306,
up:0.000035,1.000000,0.000025,
front:-0.343306,0.000035,-0.939224,
pos:-893.094849,205.600006,-209.904007,
create:
shape:Wedge;
material:Metal;
color:0.768628,0.156863,0.109804,1.000000,
size:1.000000,3.000000,1.000000,
right:0.939212,0.000025,-0.343337,
up:0.000035,-1.000000,0.000025,
front:-0.343337,-0.000035,-0.939212,
pos:-893.700623,208.100006,-214.474075,
create:
shape:Wedge;
material:Metal;
color:0.768628,0.156863,0.109804,1.000000,
size:1.000000,3.000000,1.000000,
right:0.939194,-0.000035,-0.343387,
up:0.000025,1.000000,-0.000035,
front:0.343387,0.000025,0.939194,
pos:-894.044006,209.100006,-215.414688,
create:
shape:Block;
material:Metal;
color:0.768628,0.156863,0.109804,1.000000,
size:1.000000,1.000000,4.000000,
right:-0.939224,0.000025,0.343306,
up:0.000035,1.000000,0.000025,
front:-0.343306,0.000035,-0.939224,
pos:-894.124878,204.100006,-212.721619,
create:
shape:Block;
material:Metal;
color:0.768628,0.156863,0.109804,1.000000,
size:1.000000,3.000000,4.000000,
right:-0.939224,0.000025,0.343306,
up:0.000035,1.000000,0.000025,
front:-0.343306,0.000035,-0.939224,
pos:-894.124878,206.100006,-212.721619,
create:
shape:Block;
material:Metal;
color:0.768628,0.156863,0.109804,1.000000,
size:1.000000,4.000000,1.000000,
right:-0.939224,0.000025,0.343306,
up:0.000035,1.000000,0.000025,
front:-0.343306,0.000035,-0.939224,
pos:-894.983215,205.600006,-215.069641,
create:
shape:Block;
material:Metal;
color:0.768628,0.156863,0.109804,1.000000,
size:1.000000,1.000000,3.000000,
right:-0.939224,0.000025,0.343306,
up:0.000035,1.000000,0.000025,
front:-0.343306,0.000035,-0.939224,
pos:-895.669922,206.100006,-216.948044,
create:
shape:Cylinder;
material:Fabric;
color:0.105882,0.164706,0.207843,1.000000,
size:3.000000,1.000000,3.000000,
right:0.939219,0.000048,-0.343320,
up:0.343320,-0.00002]]></ProtectedString>
				<BinaryString name="Tags"></BinaryString>
			</Properties>
		</Item>
		<Item class="ModuleScript" referent="RBX93E1A94B3E4A4196A5437F1E21F17366">
			<Properties>
				<BinaryString name="AttributesSerialize"></BinaryString>
				<Content name="LinkedSource"><null></null></Content>
				<string name="Name">2</string>
				<string name="ScriptGuid"></string>
				<ProtectedString name="Source"><![CDATA[5,0.939218,
front:0.000037,-1.000000,-0.000040,
pos:-895.669922,204.100006,-216.948044,
create:
shape:Block;
material:Metal;
color:0.768628,0.156863,0.109804,1.000000,
size:1.000000,2.000000,1.000000,
right:-0.343325,-0.000042,-0.939217,
up:-0.000008,1.000000,-0.000042,
front:0.939217,-0.000008,-0.343325,
pos:-896.356628,204.600006,-218.826462,
create:
shape:Block;
material:Metal;
color:0.768628,0.156863,0.109804,1.000000,
size:0.540000,1.000000,2.000000,
right:0.343292,-0.000008,0.939237,
up:0.000042,1.000000,-0.000008,
front:-0.939237,0.000042,0.343292,
pos:-895.394653,208.100006,-214.738953,
create:
shape:Block;
material:Metal;
color:0.639216,0.635294,0.647059,1.000000,
size:6.000000,1.000000,1.000000,
right:0.939215,-0.000035,-0.343327,
up:0.000025,1.000000,-0.000035,
front:0.343327,0.000025,0.939215,
pos:-889.201721,204.100006,-206.535950,
create:
shape:Block;
material:Metal;
color:0.639216,0.635294,0.647059,1.000000,
size:2.000000,1.000000,1.000000,
right:0.939215,-0.000035,-0.343327,
up:0.000025,1.000000,-0.000035,
front:0.343327,0.000025,0.939215,
pos:-884.505737,204.100006,-208.252686,
create:
shape:Block;
material:Metal;
color:0.639216,0.635294,0.647059,1.000000,
size:1.000000,1.000000,1.000000,
right:-0.939224,0.000025,0.343306,
up:0.000035,1.000000,0.000025,
front:-0.343306,0.000035,-0.939224,
pos:-896.699951,204.100006,-219.765671,
create:
shape:Block;
material:Metal;
color:0.639216,0.635294,0.647059,1.000000,
size:1.000000,1.000000,1.000000,
right:-0.939224,0.000025,0.343306,
up:0.000035,1.000000,0.000025,
front:-0.343306,0.000035,-0.939224,
pos:-889.186279,204.100006,-222.512466,
create:
shape:Cylinder;
material:Metal;
color:0.388235,0.372549,0.384314,1.000000,
size:0.800000,1.400000,0.800000,
right:0.343374,0.000051,0.939199,
up:-0.939199,0.000042,0.343374,
front:-0.000022,-1.000000,0.000063,
pos:-885.845825,204.199982,-207.549835,
create:
shape:Block;
material:Metal;
color:0.768628,0.156863,0.109804,1.000000,
size:2.000000,2.000000,1.000000,
right:0.002728,-0.000043,-0.999996,
up:0.000000,1.000000,-0.000043,
front:0.999996,0.000000,0.002728,
pos:-799.204468,208.600006,-890.589539,
create:
shape:Block;
material:Metal;
color:0.768628,0.156863,0.109804,1.000000,
size:1.000000,4.000000,2.000000,
right:0.002728,-0.000043,-0.999988,
up:0.000000,1.000000,-0.000043,
front:0.999988,0.000000,0.002728,
pos:-799.707886,205.600006,-889.091248,
create:
shape:Block;
material:Metal;
color:0.768628,0.156863,0.109804,1.000000,
size:1.000000,3.000000,4.000000,
right:0.002728,-0.000043,-0.999988,
up:0.000000,1.000000,-0.000043,
front:0.999988,0.000000,0.002728,
pos:-796.707886,206.100006,-889.083069,
create:
shape:Block;
material:Metal;
color:0.768628,0.156863,0.109804,1.000000,
size:1.000000,1.000000,4.000000,
right:0.002728,-0.000043,-0.999988,
up:0.000000,1.000000,-0.000043,
front:0.999988,0.000000,0.002728,
pos:-796.707886,204.100006,-889.083069,
create:
shape:Wedge;
material:Metal;
color:0.768628,0.156863,0.109804,1.000000,
size:2.000000,3.000000,3.000000,
right:-0.002718,0.000030,0.999996,
up:-0.999996,-0.000093,-0.002718,
front:0.000093,-1.000000,0.000031,
pos:-801.203064,209.100006,-890.594299,
create:
shape:Block;
material:Metal;
color:0.768628,0.156863,0.109804,1.000000,
size:1.000000,4.000000,1.000000,
right:0.002728,-0.000043,-0.999988,
up:0.000000,1.000000,-0.000043,
front:0.999988,0.000000,0.002728,
pos:-794.207886,205.600006,-889.076294,
create:
shape:Block;
material:Metal;
color:0.768628,0.156863,0.109804,1.000000,
size:7.000000,3.000000,6.000000,
right:0.002728,-0.000043,-0.999988,
up:0.000000,1.000000,-0.000043,
front:0.999988,0.000000,0.002728,
pos:-801.696960,206.100006,-893.096619,
create:
shape:Block;
material:Metal;
color:0.768628,0.156863,0.109804,1.000000,
size:1.000000,2.000000,4.000000,
right:0.002728,-0.000043,-0.999988,
up:0.000000,1.000000,-0.000043,
front:0.999988,0.000000,0.002728,
pos:-802.707886,206.600006,-889.099365,
create:
shape:Block;
material:Metal;
color:0.768628,0.156863,0.109804,1.000000,
size:1.000000,1.000000,3.000000,
right:0.002728,-0.000043,-0.999988,
up:0.000000,1.000000,-0.000043,
front:0.999988,0.000000,0.002728,
pos:-792.207886,206.100006,-889.070862,
create:
shape:Cylinder;
material:Fabric;
color:0.105882,0.164706,0.207843,1.000000,
size:3.000000,1.000000,3.000000,
right:-0.002676,0.000052,0.999996,
up:-0.999996,0.000043,-0.002676,
front:-0.000043,-1.000000,0.000052,
pos:-802.207825,204.100006,-889.098022,
create:
shape:Wedge;
material:Glass;
color:0.501961,0.733333,0.858824,0.700000,
size:3.000000,2.000000,1.000000,
right:0.002728,-0.000043,-0.999996,
up:0.000000,1.000000,-0.000043,
front:0.999996,0.000000,0.002728,
pos:-800.196838,208.600006,-893.092407,
create:
shape:Block;
material:Metal;
color:0.768628,0.156863,0.109804,1.000000,
size:1.000000,2.000000,1.000000,
right:0.999996,-0.000030,0.002716,
up:0.000031,1.000000,-0.000030,
front:-0.002716,0.000031,0.999996,
pos:-790.207886,204.600006,-889.065430,
create:
shape:Block;
material:Metal;
color:0.105882,0.164706,0.207843,1.000000,
size:2.000000,1.000000,3.000000,
right:-0.002797,0.000000,0.999996,
up:0.000043,1.000000,0.000000,
front:-0.999996,0.000043,-0.002797,
pos:-797.201050,205.100006,-891.584412,
create:
shape:Wedge;
material:Metal;
color:0.768628,0.156863,0.109804,1.000000,
size:1.000000,3.000000,1.000000,
right:-0.002710,0.000000,0.999988,
up:0.000043,1.000000,0.000000,
front:-0.999988,0.000043,-0.002710,
pos:-794.205688,209.100006,-890.076111,
create:
shape:Cylinder;
material:Fabric;
color:0.105882,0.164706,0.207843,1.000000,
size:3.000000,1.000000,3.000000,
right:-0.002676,0.000052,0.999996,
up:-0.999996,0.000043,-0.002676,
front:-0.000043,-1.000000,0.000052,
pos:-792.207886,204.100006,-889.070862,
create:
shape:Wedge;
material:Metal;
color:0.768628,0.156863,0.109804,1.000000,
size:1.000000,3.000000,1.000000,
right:-0.002710,0.000043,0.999996,
up:-0.000000,-1.000000,0.000043,
front:0.999996,0.000000,0.002710,
pos:-795.203918,208.100006,-890.079956,
create:
shape:Block;
material:Metal;
color:1.000000,0.000000,0.000000,1.000000,
size:1.000000,1.000000,1.000000,
right:0.002728,-0.000043,-0.999988,
up:0.000000,1.000000,-0.000043,
front:0.999988,0.000000,0.002728,
pos:-804.207825,205.100006,-889.103394,
create:
shape:Wedge;
material:Metal;
color:0.768628,0.156863,0.109804,1.000000,
size:9.000000,1.000000,1.000000,
right:0.002714,0.000000,-0.999996,
up:0.999996,0.000029,0.002714,
front:0.000029,-1.000000,0.000000,
pos:-804.196716,208.100006,-893.103210,
create:
shape:Block;
material:Metal;
color:0.768628,0.156863,0.109804,1.000000,
size:7.000000,1.000000,5.000000,
right:0.002728,-0.000043,-0.999996,
up:0.000000,1.000000,-0.000043,
front:0.999996,0.000000,0.002728,
pos:-797.198059,210.100006,-893.084229,
create:
shape:Block;
material:Metal;
color:0.105882,0.164706,0.207843,1.000000,
size:5.000000,2.000000,1.000000,
right:-0.002797,0.000000,0.999996,
up:0.000043,1.000000,0.000000,
front:-0.999996,0.000043,-0.002797,
pos:-798.197021,206.600006,-893.087097,
create:
shape:Block;
material:Metal;
color:0.388235,0.372549,0.384314,1.000000,
size:7.000000,1.000000,14.000000,
right:0.002728,-0.000043,-0.999988,
up:0.000000,1.000000,-0.000043,
front:0.999988,0.000000,0.002728,
pos:-796.697021,204.100006,-893.083069,
create:
shape:Block;
material:Metal;
color:0.388235,0.372549,0.384314,1.000000,
size:1.000000,2.000000,2.000000,
right:-0.002797,0.000000,0.999996,
up:0.000043,1.000000,0.000000,
front:-0.999996,0.000043,-0.002797,
pos:-796.697021,205.600006,-893.083069,
create:
shape:Wedge;
material:Glass;
color:0.501961,0.733333,0.858824,0.700000,
size:5.000000,2.600000,0.800000,
right:-0.002710,0.000000,0.999988,
up:0.000043,1.000000,0.000000,
front:-0.999988,0.000043,-0.002710,
pos:-794.296326,208.899963,-893.077148,
create:
shape:Block;
material:Metal;
color:0.768628,0.156863,0.109804,1.000000,
size:0.540000,1.000000,2.000000,
right:-1.000000,0.000031,-0.002777,
up:0.000030,1.000000,0.000031,
front:0.002777,0.000030,-1.000000,
pos:-794.379456,208.100006,-888.577026,
create:
shape:Block;
material:Metal;
color:0.768628,0.156863,0.109804,1.000000,
size:7.000000,3.000000,5.000000,
right:-0.002797,0.000000,0.999996,
up:0.000043,1.000000,0.000000,
front:-0.999996,0.000043,-0.002797,
pos:-792.197021,206.100006,-893.070862,
create:
shape:Wedge;
material:Metal;
color:0.768628,0.156863,0.109804,1.000000,
size:2.000000,3.000000,3.000000,
right:-0.002718,0.000030,0.999996,
up:-0.999996,-0.000093,-0.002718,
front:0.000093,-1.000000,0.000031,
pos:-801.189514,209.100006,-895.595093,
create:
shape:Block;
material:Metal;
color:0.105882,0.164706,0.207843,1.000000,
size:2.000000,1.000000,3.000000,
right:-0.002797,0.000000,0.999996,
up:0.000043,1.000000,0.000000,
front:-0.999996,0.000043,-0.002797,
pos:-797.192932,205.100006,-894.584412,
create:
shape:Block;
material:Metal;
color:0.639216,0.635294,0.647059,1.000000,
size:7.000000,1.000000,1.000000,
right:0.002728,-0.000043,-0.999988,
up:0.000000,1.000000,-0.000043,
front:0.999988,0.000000,0.002728,
pos:-788.197083,204.100006,-893.059998,
create:
shape:Block;
material:Metal;
color:0.768628,0.156863,0.109804,1.000000,
size:2.000000,2.000000,1.000000,
right:0.002728,-0.000043,-0.999996,
up:0.000000,1.000000,-0.000043,
front:0.999996,0.000000,0.002728,
pos:-799.191467,208.600006,-895.589539,
create:
shape:Block;
material:Metal;
color:0.768628,0.156863,0.109804,1.000000,
size:7.000000,3.000000,1.000000,
right:0.002728,-0.000043,-0.999988,
up:0.000000,1.000000,-0.000043,
front:0.999988,0.000000,0.002728,
pos:-789.197083,205.100006,-893.062683,
create:
shape:Block;
material:Metal;
color:1.000000,0.000000,0.000000,1.000000,
size:1.000000,1.000000,1.000000,
right:0.002728,-0.000043,-0.999988,
up:0.000000,1.000000,-0.000043,
front:0.999988,0.000000,0.002728,
pos:-804.186096,205.100006,-897.103394,
create:
shape:Block;
material:Metal;
color:0.768628,0.156863,0.109804,1.000000,
size:1.000000,2.000000,4.000000,
right:0.002728,-0.000043,-0.999988,
up:0.000000,1.000000,-0.000043,
front:0.999988,0.000000,0.002728,
pos:-802.686096,206.600006,-897.099304,
create:
shape:Cylinder;
material:Fabric;
color:0.105882,0.164706,0.207843,1.000000,
size:3.000000,1.000000,3.000000,
right:-0.002676,0.000052,0.999996,
up:-0.999996,0.000043,-0.002676,
front:-0.000043,-1.000000,0.000052,
pos:-802.186157,204.100006,-897.097961,
create:
shape:Block;
material:Metal;
color:0.768628,0.156863,0.109804,1.000000,
size:1.000000,4.000000,2.000000,
right:0.002728,-0.000043,-0.999988,
up:0.000000,1.000000,-0.000043,
front:0.999988,0.000000,0.002728,
pos:-799.686157,205.600006,-897.091187,
create:
shape:Wedge;
material:Metal;
color:0.768628,0.156863,0.109804,1.000000,
size:1.000000,3.000000,1.000000,
right:-0.002710,0.000043,0.999996,
up:-0.000000,-1.000000,0.000043,
front:0.999996,0.000000,0.002710,
pos:-795.188599,208.100006,-896.078857,
create:
shape:Wedge;
material:Metal;
color:0.768628,0.156863,0.109804,1.000000,
size:1.000000,3.000000,1.000000,
right:-0.002710,0.000000,0.999988,
up:0.000043,1.000000,0.000000,
front:-0.999988,0.000043,-0.002710,
pos:-794.187317,209.100006,-896.075806,
create:
shape:Block;
material:Metal;
color:0.768628,0.156863,0.109804,1.000000,
size:1.000000,1.000000,4.000000,
right:0.002728,-0.000043,-0.999988,
up:0.000000,1.000000,-0.000043,
front:0.999988,0.000000,0.002728,
pos:-796.686157,204.100006,-897.083069,
create:
shape:Block;
material:Metal;
color:0.768628,0.156863,0.109804,1.000000,
size:1.000000,3.000000,4.000000,
right:0.002728,-0.000043,-0.999988,
up:0.000000,1.000000,-0.000043,
front:0.999988,0.000000,0.002728,
pos:-796.686157,206.100006,-897.083069,
create:
shape:Block;
material:Metal;
color:0.768628,0.156863,0.109804,1.000000,
size:1.000000,4.000000,1.000000,
right:0.002728,-0.000043,-0.999988,
up:0.000000,1.000000,-0.000043,
front:0.999988,0.000000,0.002728,
pos:-794.186157,205.600006,-897.076294,
create:
shape:Block;
material:Metal;
color:0.768628,0.156863,0.109804,1.000000,
size:1.000000,1.000000,3.000000,
right:0.002728,-0.000043,-0.999988,
up:0.000000,1.000000,-0.000043,
front:0.999988,0.000000,0.002728,
pos:-792.186157,206.100006,-897.070862,
create:
shape:Cylinder;
material:Fabric;
color:0.105882,0.164706,0.207843,1.000000,
size:3.000000,1.000000,3.000000,
right:-0.002676,0.000052,0.999996,
up:-0.999996,0.000043,-0.002676,
front:-0.000043,-1.000000,0.000052,
pos:-792.186218,204.100006,-897.070862,
create:
shape:Block;
material:Metal;
color:0.768628,0.156863,0.109804,1.000000,
size:1.000000,2.000000,1.000000,
right:0.999996,-0.000030,0.002716,
up:0.000031,1.000000,-0.000030,
front:-0.002716,0.000031,0.999996,
pos:-790.186218,204.600006,-897.065430,
create:
shape:Block;
material:Metal;
color:0.768628,0.156863,0.109804,1.000000,
size:0.540000,1.000000,2.000000,
right:-1.000000,0.000031,-0.002777,
up:0.000030,1.000000,0.000031,
front:0.002777,0.000030,-1.000000,
pos:-794.354126,208.100006,-897.576721,
create:
shape:Block;
material:Metal;
color:0.639216,0.635294,0.647059,1.000000,
size:6.000000,1.000000,1.000000,
right:-0.002797,0.000000,0.999996,
up:0.000043,1.000000,0.000000,
front:-0.999996,0.000043,-0.002797,
pos:-804.192932,204.100006,-894.603394,
create:
shape:Block;
material:Metal;
color:0.639216,0.635294,0.647059,1.000000,
size:2.000000,1.000000,1.000000,
right:-0.002797,0.000000,0.999996,
up:0.000043,1.000000,0.000000,
front:-0.999996,0.000043,-0.002797,
pos:-804.206482,204.100006,-889.603455,
create:
shape:Block;
material:Metal;
color:0.639216,0.635294,0.647059,1.000000,
size:1.000000,1.000000,1.000000,
right:0.002728,-0.000043,-0.999988,
up:0.000000,1.000000,-0.000043,
front:0.999988,0.000000,0.002728,
pos:-789.186218,204.100006,-897.062744,
create:
shape:Block;
material:Metal;
color:0.639216,0.635294,0.647059,1.000000,
size:1.000000,1.000000,1.000000,
right:0.002728,-0.000043,-0.999988,
up:0.000000,1.000000,-0.000043,
front:0.999988,0.000000,0.002728,
pos:-789.207886,204.100006,-889.062744,
create:
shape:Cylinder;
material:Metal;
color:0.388235,0.372549,0.384314,1.000000,
size:0.800000,1.400000,0.800000,
right:-0.999998,-0.000032,-0.002716,
up:0.002718,-0.000030,-0.999998,
front:0.000030,-1.000002,0.000029,
pos:-804.402405,204.199982,-891.104004,
create:
shape:Block;
material:Metal;
color:0.050980,0.411765,0.674510,1.000000,
size:2.000000,2.000000,1.000000,
right:0.999996,-0.000030,0.002655,
up:0.000031,1.000000,-0.000030,
front:-0.002655,0.000031,0.999996,
pos:-909.882568,208.600006,-695.887390,
create:
shape:Block;
material:Metal;
color:0.050980,0.411765,0.674510,1.000000,
size:1.000000,4.000000,2.000000,
right:0.999996,-0.000030,0.002716,
up:0.000031,1.000000,-0.000030,
front:-0.002716,0.000031,0.999996,
pos:-911.380859,205.600006,-696.390869,
create:
shape:Block;
material:Metal;
color:0.050980,0.411765,0.674510,1.000000,
size:1.000000,3.000000,4.000000,
right:0.999996,-0.000030,0.002716,
up:0.000031,1.000000,-0.000030,
front:-0.002716,0.000031,0.999996,
pos:-911.389038,206.100006,-693.390869,
create:
shape:Block;
material:Metal;
color:0.050980,0.411765,0.674510,1.000000,
size:1.000000,1.000000,4.000000,
right:0.999996,-0.000030,0.002716,
up:0.000031,1.000000,-0.000030,
front:-0.002716,0.000031,0.999996,
pos:-911.389038,204.100006,-693.390869,
create:
shape:Wedge;
material:Metal;
color:0.050980,0.411765,0.674510,1.000000,
size:2.000000,3.000000,3.000000,
right:-0.999997,-0.000000,-0.002633,
up:0.002633,-0.000034,-0.999997,
front:-0.000000,-1.000000,0.000034,
pos:-909.877869,209.100006,-697.885925,
create:
shape:Block;
material:Metal;
color:0.050980,0.411765,0.674510,1.000000,
size:1.000000,4.000000,1.000000,
right:0.999996,-0.000030,0.002716,
up:0.000031,1.000000,-0.000030,
front:-0.002716,0.000031,0.999996,
pos:-911.395813,205.600006,-690.890869,
create:
shape:Block;
material:Metal;
color:0.050980,0.411765,0.674510,1.000000,
size:7.000000,3.000000,6.000000,
right:0.999996,-0.000030,0.002716,
up:0.000031,1.000000,-0.000030,
front:-0.002716,0.000031,0.999996,
pos:-907.375488,206.100006,-698.379944,
create:
shape:Block;
material:Metal;
color:0.050980,0.411765,0.674510,1.000000,
size:1.000000,2.000000,4.000000,
right:0.999996,-0.000030,0.002716,
up:0.000031,1.000000,-0.000030,
front:-0.002716,0.000031,0.999996,
pos:-911.372742,206.600006,-699.390869,
create:
shape:Block;
material:Metal;
color:0.050980,0.411765,0.674510,1.000000,
size:1.000000,1.000000,3.000000,
right:0.999996,-0.000030,0.002716,
up:0.000031,1.000000,-0.000030,
front:-0.002716,0.000031,0.999996,
pos:-911.401245,206.100006,-688.890869,
create:
shape:Cylinder;
material:Fabric;
color:0.105882,0.164706,0.207843,1.000000,
size:3.000000,1.000000,3.000000,
right:-0.999998,-0.000032,-0.002716,
up:0.002718,-0.000030,-0.999998,
front:0.000030,-1.000002,0.000029,
pos:-911.374084,204.100006,-698.890808,
create:
shape:Wedge;
material:Glass;
color:0.501961,0.733333,0.858824,0.700000,
size:3.000000,2.000000,1.000000,
right:0.999996,-0.000030,0.002716,
up:0.000031,1.000000,-0.000030,
front:-0.002716,0.000031,0.999996,
pos:-907.379700,208.600006,-696.879883,
create:
shape:Block;
material:Metal;
color:0.050980,0.411765,0.674510,1.000000,
size:1.000000,2.000000,1.000000,
right:-0.002797,0.000000,0.999996,
up:0.000043,1.000000,0.000000,
front:-0.999996,0.000043,-0.002797,
pos:-911.406677,204.600006,-686.890869,
create:
shape:Block;
material:Metal;
color:0.105882,0.164706,0.207843,1.000000,
size:2.000000,1.000000,3.000000,
right:-1.000000,0.000031,-0.002716,
up:0.000030,1.000000,0.000031,
front:0.002716,0.000030,-1.000000,
pos:-908.887695,205.100006,-693.884033,
create:
shape:Wedge;
material:Metal;
color:0.050980,0.411765,0.674510,1.000000,
size:1.000000,3.000000,1.000000,
right:-1.000000,0.000031,-0.002716,
up:0.000030,1.000000,0.000031,
front:0.002716,0.000030,-1.000000,
pos:-910.395996,209.100006,-690.888611,
create:
shape:Cylinder;
material:Fabric;
color:0.105882,0.164706,0.207843,1.000000,
size:3.000000,1.000000,3.000000,
right:-0.999998,-0.000032,-0.002716,
up:0.002718,-0.000030,-0.999998,
front:0.000030,-1.000002,0.000029,
pos:-911.401245,204.100006,-688.890869,
create:
shape:Wedge;
material:Metal;
color:0.050980,0.411765,0.674510,1.000000,
size:1.000000,3.000000,1.000000,
right:-1.000000,0.000030,-0.002655,
up:-0.000031,-1.000004,0.000030,
front:-0.002655,0.000031,0.999996,
pos:-910.392151,208.100006,-691.886841,
create:
shape:Block;
material:Metal;
color:1.000000,0.000000,0.000000,1.000000,
size:1.000000,1.000000,1.000000,
right:0.999996,-0.000030,0.002716,
